AKASG  50.7012000   29.2242000 160
ASAR  -23.6651340  133.9052600 627
BRTR   39.7250000   33.6390000 1440
BVAR   53.0249000   70.3885000 420
CMAR   18.4576000   98.9431500 308
EKA    55.3332000   -3.1588000 353
ESDC   39.6744000   -3.9630000 755
FINES  61.4436000   26.0771000 150
GERES  48.8451060   13.7015590 1132
GEYT   37.9295500   58.1170600 610
HFS    60.1334740   13.6944900 297
ILAR   64.7714460 -146.8866500 387
KSRS   37.4421000  127.8844000 109
KURK   50.6226400   78.5303900 200
KVAR   43.9556700   42.6951700 1196
MJAR   36.5247170  138.2471800 662
MMAI   33.0151800   35.4031100 810
NOA    61.0397000   11.2148000 717
NVAR   38.4296090 -118.3035500 2042
PDAR   42.7673750 -109.5579000 2213
SONM   47.8346900  106.3949900 1416
SPITS  78.1777000   16.3700000 323
TORD   13.1477100    1.6947087 214
TXAR   29.3339650 -103.6676900 1018
WRA   -19.9425890  134.3395100 389
YKA    62.4930800 -114.6061000 168
ZALV   53.9480630   84.8188070 229
